,ACB,BCM,BID,CTG,DGC,FPT,GAS,GVR,HDB,HPG,LPB,MBB,MSN,MWG,PLX,SAB,SHB,SSI,STB,TCB,TPB,VCB,VHM,VIB,VIC,VJC,VNM,VPB,VRE
ACB,0.0,1.1415030447751726,0.8260908200403366,0.7891909147677846,1.110759593834544,0.9478731053136171,1.068137191897198,1.0299936303625377,0.8685724435861651,0.9563091021061092,0.897917702429516,0.6871864785839007,1.104966483278757,0.9516019395434091,1.0123844886766498,1.1857070667547058,0.9775873714184021,0.9080201219339897,0.8455281220756296,0.7643919215628778,0.9128020364145261,0.9657781114539588,1.093085200492953,0.8454173562154836,1.175058658566789,1.159164087180744,1.0823131889122524,0.8348273799205667,1.0741084160372036
BCM,1.1415030447751726,0.0,1.1450872085600192,1.1374578692983917,1.145116349621285,1.1466768791512487,1.1241924907469931,1.1103184603057694,1.1498972157076894,1.1732191033985269,1.2187454734810428,1.1181357651992632,1.1641625380541243,1.0894114004799003,1.1379722040981335,1.2182931437740383,1.2165136993956267,1.1356643702507319,1.1533117841814082,1.139157930235429,1.1838438935834896,1.1861742561057638,1.1468931612629667,1.1662223979317785,1.1999880543917454,1.2200694800309175,1.1817259186384932,1.147358350124635,1.1295321111961203
BID,0.8260908200403366,1.1450872085600192,0.0,0.7270904129154342,1.1275869417072777,0.9905690906118049,1.022693980338864,1.0597895561329915,0.8905093904154917,0.964993351604884,0.9581229378147875,0.7608318048504971,1.1020209279816386,0.9462441228721179,0.9874876454030457,1.127209879004438,1.032105554485141,0.9209701689116793,0.8603190081178338,0.8354487286806546,0.987881241244679,0.914818733975772,1.0972160003173388,0.9248040402471571,1.1588220143156944,1.1699321596675398,1.0624812247422863,0.880547380837982,1.0051618627786552
CTG,0.7891909147677846,1.1374578692983917,0.7270904129154342,0.0,1.0877006430074534,0.9714464825959362,1.0498855196127466,1.0318812229385674,0.8593376742628503,0.9432985741845599,0.9052510162486599,0.685911560444944,1.0804969358071699,0.9553436769306966,1.0106186985992094,1.1588420537043493,1.0002365010260876,0.8726215638766299,0.8219439375285251,0.7859925739822473,0.9149285343964861,0.946792618895413,1.081373031215866,0.885646965131059,1.13792101676167,1.2008891960716936,1.1014874001105062,0.842851253276632,1.022726812302227
DGC,1.110759593834544,1.145116349621285,1.1275869417072777,1.0877006430074534,0.0,1.0377445749536778,1.0709562941955042,1.0533035757259914,1.1491544904130273,1.0589707915254747,1.1685230803149795,1.0758817198428514,1.1118802048535366,1.0131631868525548,1.0752700129133612,1.255289884989802,1.176973701256694,1.0601309822375367,1.1307386764057699,1.095507128910178,1.1503498399333196,1.1925064826698077,1.2202035305793442,1.129634537266849,1.2494737511733214,1.255144461647246,1.2004022451458076,1.1416142205152195,1.1875902255775688
FPT,0.9478731053136171,1.1466768791512487,0.9905690906118049,0.9714464825959362,1.0377445749536778,0.0,1.0181726682693497,1.0445705843825466,1.0044218081085166,0.9881357203375742,1.0555465898634955,0.94131663440185,1.085895694173467,0.9334150103519214,1.0239276264356543,1.159145537103238,1.1188145667175764,0.9826796164154006,1.0178501796565578,0.9696797340083978,1.0441122745835125,1.0788369898822228,1.1249683179898475,1.039123423667944,1.1954359191954744,1.1886715281943272,1.0753898482324618,1.002842955015225,1.1132365989003274
GAS,1.068137191897198,1.1241924907469931,1.022693980338864,1.0498855196127466,1.0709562941955042,1.0181726682693497,0.0,1.0800614450515698,1.0822621201977196,1.0537828220723946,1.1348160929609863,1.0356336448503383,1.0700305558913554,1.0007319637429128,0.8954687941344336,1.1237011232838507,1.2048586275301423,1.0697043664933645,1.0961694836456983,1.065230554554392,1.1651821989037003,1.0599156493685014,1.1385798570630097,1.1139980199712616,1.1868014888214231,1.1836537352955332,1.0979976598474137,1.080864821347467,1.0966673780138474
GVR,1.0299936303625377,1.1103184603057694,1.0597895561329915,1.0318812229385674,1.0533035757259914,1.0445705843825466,1.0800614450515698,0.0,1.0903608609669588,0.9999470416709826,1.0760584281127796,0.9943103505406438,1.084679160461635,1.0604982699260133,1.0082739762973296,1.2147434278257003,1.0645666399766966,0.9156529212150485,1.0456837637813303,1.00812580414157,1.0586391738553984,1.1922092903421544,1.1391729157021233,1.0689337796206504,1.2115114080846612,1.1999131436088086,1.1616392247989638,1.0477873608185468,1.094163658535271
HDB,0.8685724435861651,1.1498972157076894,0.8905093904154917,0.8593376742628503,1.1491544904130273,1.0044218081085166,1.0822621201977196,1.0903608609669588,0.0,0.9947727792840355,0.9641297550012585,0.7905798937872518,1.1274420307894202,0.9697315177369915,1.0408883038635455,1.1669324386506699,1.0308220695115797,0.9508226448865894,0.8924838549733337,0.8138699162179022,0.9407636611964819,0.9785529127339844,1.1025561060785627,0.9098312096808006,1.1558917840145062,1.0955038391200178,1.1170583395511677,0.8967867370740509,1.0447258949263405
HPG,0.9563091021061092,1.1732191033985269,0.964993351604884,0.9432985741845599,1.0589707915254747,0.9881357203375742,1.0537828220723946,0.9999470416709826,0.9947727792840355,0.0,1.050085622350613,0.8861452966290938,1.0460445557411053,0.9721270928124061,1.0224420864077266,1.1933650619047955,1.0757182878216796,0.8543263116000517,0.9702552810027344,0.9312568792799119,1.0233994019280874,1.0542397954111675,1.089838249489692,0.9733101607941904,1.1678882205778887,1.191758115148424,1.130106588756848,0.9719525958736372,1.0745974912253422
LPB,0.897917702429516,1.2187454734810428,0.9581229378147875,0.9052510162486599,1.1685230803149795,1.0555465898634955,1.1348160929609863,1.0760584281127796,0.9641297550012585,1.050085622350613,0.0,0.8401908095913289,1.1788566872077468,1.058883114422322,1.105361594505934,1.2188465881574773,0.9863584573818404,0.9764788324313121,0.8834233315851577,0.885679041526297,1.020028541794645,1.0942738154758302,1.17632435862572,0.8952466020247059,1.220589874756168,1.2664479515625526,1.170236990814167,0.9615918321125763,1.122834555421912
MBB,0.6871864785839007,1.1181357651992632,0.7608318048504971,0.685911560444944,1.0758817198428514,0.94131663440185,1.0356336448503383,0.9943103505406438,0.7905798937872518,0.8861452966290938,0.8401908095913289,0.0,1.069611095240241,0.8923894228079307,0.9702422458659085,1.167306916394389,0.9404767016007339,0.8280610378077072,0.749759516647839,0.6365341139003646,0.848126488142634,0.9432396970842728,1.0614069446326624,0.7942985991538741,1.1528340484791482,1.1632355249647381,1.0797054071359997,0.7835507169559176,0.9889373232098166
MSN,1.104966483278757,1.1641625380541243,1.1020209279816386,1.0804969358071699,1.1118802048535366,1.085895694173467,1.0700305558913554,1.084679160461635,1.1274420307894202,1.0460445557411053,1.1788566872077468,1.069611095240241,0.0,1.0120604017176802,1.1097321360828427,1.1501076043998253,1.1537859317403782,1.051474599828426,1.0946339612582061,1.0763353010584291,1.126141617803963,1.114744656802075,1.115301110690231,1.1353697313369238,1.1849783444430504,1.1802213981120317,1.129243128906467,1.1072299616277503,1.0996516845096176
MWG,0.9516019395434091,1.0894114004799003,0.9462441228721179,0.9553436769306966,1.0131631868525548,0.9334150103519214,1.0007319637429128,1.0604982699260133,0.9697315177369915,0.9721270928124061,1.058883114422322,0.8923894228079307,1.0120604017176802,0.0,1.0002029603338505,1.1335355691641735,1.1036137643736812,0.9587182551430036,0.983960635396893,0.9140750581828063,1.0690303637784082,1.0549826983362383,1.0747160260373279,1.0002230607596736,1.1514936211628106,1.1615869956243918,1.0990559934199697,0.961310882331364,1.0643964594721682
PLX,1.0123844886766498,1.1379722040981335,0.9874876454030457,1.0106186985992094,1.0752700129133612,1.0239276264356543,0.8954687941344336,1.0082739762973296,1.0408883038635455,1.0224420864077266,1.105361594505934,0.9702422458659085,1.1097321360828427,1.0002029603338505,0.0,1.1568234535787933,1.1475554880654417,1.0168549648371967,1.06594170761649,0.9987103396241729,1.1320735225994487,1.0813747058799263,1.151978199689497,1.07471762020953,1.185968064397072,1.1440183428273647,1.0825603402474422,1.0319919478221047,1.093302715514162
SAB,1.1857070667547058,1.2182931437740383,1.127209879004438,1.1588420537043493,1.255289884989802,1.159145537103238,1.1237011232838507,1.2147434278257003,1.1669324386506699,1.1933650619047955,1.2188465881574773,1.167306916394389,1.1501076043998253,1.1335355691641735,1.1568234535787933,0.0,1.282234263637338,1.2015013226609543,1.2045623715527602,1.163553977286215,1.2450695396491076,1.1374706150677634,1.1994114701198202,1.1766478693157447,1.2161393705503707,1.1735061786268501,1.1222697626711247,1.1405729081597442,1.1396362410716345
SHB,0.9775873714184021,1.2165136993956267,1.032105554485141,1.0002365010260876,1.176973701256694,1.1188145667175764,1.2048586275301423,1.0645666399766966,1.0308220695115797,1.0757182878216796,0.9863584573818404,0.9404767016007339,1.1537859317403782,1.1036137643736812,1.1475554880654417,1.282234263637338,0.0,1.0269851479654657,0.9797628397088333,0.9949934251203253,1.0414117373176495,1.145110541123655,1.1743693272569031,1.0282389759870456,1.2285625317629645,1.2242648681687938,1.1981524480660393,1.0074816930215484,1.1548672294063214
SSI,0.9080201219339897,1.1356643702507319,0.9209701689116793,0.8726215638766299,1.0601309822375367,0.9826796164154006,1.0697043664933645,0.9156529212150485,0.9508226448865894,0.8543263116000517,0.9764788324313121,0.8280610378077072,1.051474599828426,0.9587182551430036,1.0168549648371967,1.2015013226609543,1.0269851479654657,0.0,0.877416110569764,0.8738862039264849,0.9371751440019914,1.0754173404259086,1.0615346648596624,0.9272795568747312,1.1518134766301495,1.1711191820830174,1.1036275506592663,0.9273533320523839,1.0160797430650277
STB,0.8455281220756296,1.1533117841814082,0.8603190081178338,0.8219439375285251,1.1307386764057699,1.0178501796565578,1.0961694836456983,1.0456837637813303,0.8924838549733337,0.9702552810027344,0.8834233315851577,0.749759516647839,1.0946339612582061,0.983960635396893,1.06594170761649,1.2045623715527602,0.9797628397088333,0.877416110569764,0.0,0.787370643274792,0.9209175277801384,1.0633323519840434,1.091775287262012,0.8755115140231481,1.1989794270444658,1.2199187817440804,1.1293747777025578,0.8886321944995217,1.045179540980112
TCB,0.7643919215628778,1.139157930235429,0.8354487286806546,0.7859925739822473,1.095507128910178,0.9696797340083978,1.065230554554392,1.00812580414157,0.8138699162179022,0.9312568792799119,0.885679041526297,0.6365341139003646,1.0763353010584291,0.9140750581828063,0.9987103396241729,1.163553977286215,0.9949934251203253,0.8738862039264849,0.787370643274792,0.0,0.880735972458663,0.9957315345866641,1.0548577739663858,0.8317678687355554,1.1428579224066189,1.1578905732109592,1.0986352143408304,0.7839790777334118,0.997578552670696
TPB,0.9128020364145261,1.1838438935834896,0.987881241244679,0.9149285343964861,1.1503498399333196,1.0441122745835125,1.1651821989037003,1.0586391738553984,0.9407636611964819,1.0233994019280874,1.020028541794645,0.848126488142634,1.126141617803963,1.0690303637784082,1.1320735225994487,1.2450695396491076,1.0414117373176495,0.9371751440019914,0.9209175277801384,0.880735972458663,0.0,1.1208822316986673,1.146393403958624,0.9371477063673986,1.2425896356812842,1.236971527527828,1.1693709069156295,0.9045706468137377,1.108624088359241
VCB,0.9657781114539588,1.1861742561057638,0.914818733975772,0.946792618895413,1.1925064826698077,1.0788369898822228,1.0599156493685014,1.1922092903421544,0.9785529127339844,1.0542397954111675,1.0942738154758302,0.9432396970842728,1.114744656802075,1.0549826983362383,1.0813747058799263,1.1374706150677634,1.145110541123655,1.0754173404259086,1.0633323519840434,0.9957315345866641,1.1208822316986673,0.0,1.0821135420187906,1.0353678378036488,1.1540614272419285,1.1319112649134309,1.0574471039254627,1.0249198652395186,1.0390685140703786
VHM,1.093085200492953,1.1468931612629667,1.0972160003173388,1.081373031215866,1.2202035305793442,1.1249683179898475,1.1385798570630097,1.1391729157021233,1.1025561060785627,1.089838249489692,1.17632435862572,1.0614069446326624,1.115301110690231,1.0747160260373279,1.151978199689497,1.1994114701198202,1.1743693272569031,1.0615346648596624,1.091775287262012,1.0548577739663858,1.146393403958624,1.0821135420187906,0.0,1.1466976042449386,0.8624555444617483,1.196363547632923,1.1292795119222296,1.1008430380366234,0.8730500081198638
VIB,0.8454173562154836,1.1662223979317785,0.9248040402471571,0.885646965131059,1.129634537266849,1.039123423667944,1.1139980199712616,1.0689337796206504,0.9098312096808006,0.9733101607941904,0.8952466020247059,0.7942985991538741,1.1353697313369238,1.0002230607596736,1.07471762020953,1.1766478693157447,1.0282389759870456,0.9272795568747312,0.8755115140231481,0.8317678687355554,0.9371477063673986,1.0353678378036488,1.1466976042449386,0.0,1.1988843541911567,1.2229227484689285,1.1416256168698529,0.8527753152206008,1.0900117962127802
VIC,1.175058658566789,1.1999880543917454,1.1588220143156944,1.13792101676167,1.2494737511733214,1.1954359191954744,1.1868014888214231,1.2115114080846612,1.1558917840145062,1.1678882205778887,1.220589874756168,1.1528340484791482,1.1849783444430504,1.1514936211628106,1.185968064397072,1.2161393705503707,1.2285625317629645,1.1518134766301495,1.1989794270444658,1.1428579224066189,1.2425896356812842,1.1540614272419285,0.8624555444617483,1.1988843541911567,0.0,1.1982711120431015,1.1735371792551783,1.1803735799554396,0.9914144303778785
VJC,1.159164087180744,1.2200694800309175,1.1699321596675398,1.2008891960716936,1.255144461647246,1.1886715281943272,1.1836537352955332,1.1999131436088086,1.0955038391200178,1.191758115148424,1.2664479515625526,1.1632355249647381,1.1802213981120317,1.1615869956243918,1.1440183428273647,1.1735061786268501,1.2242648681687938,1.1711191820830174,1.2199187817440804,1.1578905732109592,1.236971527527828,1.1319112649134309,1.196363547632923,1.2229227484689285,1.1982711120431015,0.0,1.1488057427170306,1.158830645509118,1.1710957688083548
VNM,1.0823131889122524,1.1817259186384932,1.0624812247422863,1.1014874001105062,1.2004022451458076,1.0753898482324618,1.0979976598474137,1.1616392247989638,1.1170583395511677,1.130106588756848,1.170236990814167,1.0797054071359997,1.129243128906467,1.0990559934199697,1.0825603402474422,1.1222697626711247,1.1981524480660393,1.1036275506592663,1.1293747777025578,1.0986352143408304,1.1693709069156295,1.0574471039254627,1.1292795119222296,1.1416256168698529,1.1735371792551783,1.1488057427170306,0.0,1.103742468599821,1.1020516068255346
VPB,0.8348273799205667,1.147358350124635,0.880547380837982,0.842851253276632,1.1416142205152195,1.002842955015225,1.080864821347467,1.0477873608185468,0.8967867370740509,0.9719525958736372,0.9615918321125763,0.7835507169559176,1.1072299616277503,0.961310882331364,1.0319919478221047,1.1405729081597442,1.0074816930215484,0.9273533320523839,0.8886321944995217,0.7839790777334118,0.9045706468137377,1.0249198652395186,1.1008430380366234,0.8527753152206008,1.1803735799554396,1.158830645509118,1.103742468599821,0.0,1.0285892594660775
VRE,1.0741084160372036,1.1295321111961203,1.0051618627786552,1.022726812302227,1.1875902255775688,1.1132365989003274,1.0966673780138474,1.094163658535271,1.0447258949263405,1.0745974912253422,1.122834555421912,0.9889373232098166,1.0996516845096176,1.0643964594721682,1.093302715514162,1.1396362410716345,1.1548672294063214,1.0160797430650277,1.045179540980112,0.997578552670696,1.108624088359241,1.0390685140703786,0.8730500081198638,1.0900117962127802,0.9914144303778785,1.1710957688083548,1.1020516068255346,1.0285892594660775,0.0
